{
  "advancedEditorSelectedIdentifier" : "ProjectBrowser",
  "openSceneRelativePaths" : [
    "Immersive.usda",
    "Scene.usda"
  ],
  "recentIdentifiers" : {
    "1D572CEB-057A-41C3-B575-04C37501A3C0" : [

    ]
  },
  "sceneCameraHistory" : {
    "1D572CEB-057A-41C3-B575-04C37501A3C0" : [
      {
        "date" : 751717301.905222,
        "title" : "Untitled",
        "transform" : [
          0.78279734,
          -2.607696e-09,
          -0.62227666,
          0,
          -0.16945115,
          0.9622101,
          -0.21316223,
          0,
          0.59876096,
          0.2723083,
          0.75321543,
          0,
          1.4265542,
          1.2094394,
          1.5241191,
          1
        ]
      },
      {
        "date" : 751717297.253711,
        "title" : "Untitled",
        "transform" : [
          0.94839436,
          -3.1232967e-09,
          -0.31709343,
          0,
          -0.08080439,
          0.96698636,
          -0.24167778,
          0,
          0.306625,
          0.25482836,
          0.9170844,
          0,
          0.37059975,
          1.1326944,
          1.9663001,
          1
        ]
      },
      {
        "date" : 751717172.685232,
        "title" : "Untitled",
        "transform" : [
          0.94839436,
          -3.1232967e-09,
          -0.31709343,
          0,
          -0.08080439,
          0.96698636,
          -0.24167778,
          0,
          0.306625,
          0.25482836,
          0.9170844,
          0,
          2.971027,
          2.063737,
          3.3028126,
          1
        ]
      },
      {
        "date" : 751717133.242765,
        "title" : "Untitled",
        "transform" : [
          0.94839436,
          -7.667622e-09,
          -0.31709343,
          0,
          -0.08080438,
          0.9669863,
          -0.24167778,
          0,
          0.30662498,
          0.2548284,
          0.91708434,
          0,
          0.82625467,
          1.0484301,
          2.0826414,
          1
        ]
      },
      {
        "date" : 751717121.632046,
        "title" : "Untitled",
        "transform" : [
          0.94839436,
          -7.667622e-09,
          -0.31709343,
          0,
          -0.08080438,
          0.9669863,
          -0.24167778,
          0,
          0.30662498,
          0.2548284,
          0.91708434,
          0,
          0.52202666,
          0.7471957,
          1.3127965,
          1
        ]
      },
      {
        "date" : 751717119.64439,
        "title" : "Untitled",
        "transform" : [
          0.94839424,
          -7.667621e-09,
          -0.3170934,
          0,
          -0.08080438,
          0.9669863,
          -0.24167778,
          0,
          0.30662498,
          0.2548284,
          0.91708434,
          0,
          1.3686428,
          1.0123007,
          0.9560685,
          1
        ]
      },
      {
        "date" : 751659921.744853,
        "title" : "Untitled",
        "transform" : [
          0.9980241,
          -7.793209e-09,
          -0.062831864,
          0,
          -0.015341326,
          0.9697337,
          -0.24368255,
          0,
          0.06093019,
          0.24416502,
          0.96781766,
          0,
          0.7082385,
          0.98364806,
          1.0912703,
          1
        ]
      },
      {
        "date" : 751659169.265851,
        "title" : "Untitled",
        "transform" : [
          0.91569626,
          -8.0728e-09,
          -0.40187123,
          0,
          -0.17117499,
          0.90474916,
          -0.39003617,
          0,
          0.36359265,
          0.42594498,
          0.82847536,
          0,
          0.92610335,
          1.0938156,
          1.1486377,
          1
        ]
      },
      {
        "date" : 751659165.732628,
        "title" : "Untitled",
        "transform" : [
          0.91569626,
          -8.0728e-09,
          -0.40187123,
          0,
          -0.17117499,
          0.90474916,
          -0.39003617,
          0,
          0.36359265,
          0.42594498,
          0.82847536,
          0,
          0.8865043,
          0.9939074,
          0.992577,
          1
        ]
      },
      {
        "date" : 751659163.338621,
        "title" : "Untitled",
        "transform" : [
          0.91569626,
          -8.0728e-09,
          -0.40187123,
          0,
          -0.17117499,
          0.90474916,
          -0.39003617,
          0,
          0.36359265,
          0.42594498,
          0.82847536,
          0,
          0.9116602,
          0.9808339,
          0.9882583,
          1
        ]
      }
    ],
    "D66134B1-3681-4A8E-AFE5-29F257229F3B" : [
      {
        "date" : 751719036.418597,
        "title" : "Untitled",
        "transform" : [
          0.7457759,
          -1.8949295e-09,
          -0.666197,
          0,
          -0.2125235,
          0.9477514,
          -0.23790993,
          0,
          0.6313891,
          0.31900993,
          0.70681006,
          0,
          1.0236281,
          0.16835928,
          0.97345424,
          1
        ]
      },
      {
        "date" : 751719034.656002,
        "title" : "Untitled",
        "transform" : [
          0.7457759,
          -1.8949295e-09,
          -0.666197,
          0,
          -0.2125235,
          0.9477514,
          -0.23790993,
          0,
          0.6313891,
          0.31900993,
          0.70681006,
          0,
          1.0330359,
          -0.052218176,
          1.0646051,
          1
        ]
      },
      {
        "date" : 751719022.329405,
        "title" : "Untitled",
        "transform" : [
          0.7457759,
          -1.8949295e-09,
          -0.666197,
          0,
          -0.2125235,
          0.9477514,
          -0.23790993,
          0,
          0.6313891,
          0.31900993,
          0.70681006,
          0,
          1.4331338,
          0.15993938,
          1.4769299,
          1
        ]
      },
      {
        "date" : 751719016.336546,
        "title" : "Untitled",
        "transform" : [
          0.69935286,
          -1.6200374e-10,
          -0.7147766,
          0,
          -0.30678472,
          0.9032078,
          -0.3001648,
          0,
          0.6455918,
          0.4292036,
          0.63166094,
          0,
          0.93487585,
          0.25017,
          0.84095263,
          1
        ]
      },
      {
        "date" : 751718557.799914,
        "title" : "Untitled",
        "transform" : [
          0.69935286,
          -1.6200374e-10,
          -0.7147766,
          0,
          -0.30678472,
          0.9032078,
          -0.3001648,
          0,
          0.6455918,
          0.4292036,
          0.63166094,
          0,
          0.978801,
          -0.040640324,
          0.99365985,
          1
        ]
      },
      {
        "date" : 751718555.451435,
        "title" : "Untitled",
        "transform" : [
          0.69935286,
          -1.6200374e-10,
          -0.7147766,
          0,
          -0.30678472,
          0.9032078,
          -0.3001648,
          0,
          0.6455918,
          0.4292036,
          0.63166094,
          0,
          0.90113974,
          -0.11675906,
          0.91481966,
          1
        ]
      },
      {
        "date" : 751718549.075632,
        "title" : "Untitled",
        "transform" : [
          0.7059215,
          -1.6200374e-10,
          -0.7082901,
          0,
          -0.3040007,
          0.9032078,
          -0.30298406,
          0,
          0.63973314,
          0.4292036,
          0.63759375,
          0,
          1.152498,
          -0.05752206,
          1.0929608,
          1
        ]
      },
      {
        "date" : 751718545.077287,
        "title" : "Untitled",
        "transform" : [
          0.7059215,
          -1.6200374e-10,
          -0.7082901,
          0,
          -0.3040007,
          0.9032078,
          -0.30298406,
          0,
          0.63973314,
          0.4292036,
          0.63759375,
          0,
          1.244418,
          -0.36340785,
          1.206643,
          1
        ]
      },
      {
        "date" : 751718498.976843,
        "title" : "Untitled",
        "transform" : [
          0.7059215,
          -1.6200374e-10,
          -0.7082901,
          0,
          -0.3040007,
          0.9032078,
          -0.30298406,
          0,
          0.63973314,
          0.4292036,
          0.63759375,
          0,
          2.0409021,
          0.044040084,
          1.9789494,
          1
        ]
      },
      {
        "date" : 751718479.926741,
        "title" : "Untitled",
        "transform" : [
          0.7059215,
          -1.6200374e-10,
          -0.7082901,
          0,
          -0.3040007,
          0.9032078,
          -0.30298406,
          0,
          0.63973314,
          0.4292036,
          0.63759375,
          0,
          1.5380479,
          1.3946792,
          1.5742917,
          1
        ]
      }
    ]
  },
  "sceneViewportBackgroundColors" : {

  },
  "selectedSceneRelativePath" : "Scene.usda"
}